0 1886 3 
500 1886 3 
3426 1359 1 
8307 44 1 
13438 -1215 1 
18406 -2547 1 
23433 -3896 1 
28733 -5422 1 
34252 -6976 1 
39377 -9417 1 
42456 -14557 1 
44199 -20276 1 
46022 -26105 1 
49398 -31102 1 
55187 -32824 1 
61481 -33674 1 
67650 -34731 1 
73244 -37614 1 
78522 -41398 1 
83563 -45127 1 
88594 -48896 1 
93862 -52334 1 
99161 -55709 1 
101992 -60283 1 
104254 -64936 1 
109942 -68608 1 
115386 -72334 1 
120965 -76215 1 
126504 -79805 1 
131049 -84248 1 
133985 -89632 1 
136895 -94989 1 
138626 -100350 1 
137369 -104950 1 
133509 -106291 1 
129237 -105339 1 
124996 -102125 1 
120163 -98098 1 
115110 -93811 1 
110396 -89871 1 
105639 -86017 1 
101622 -82947 1 
97028 -79356 1 
92408 -75783 1 
87747 -72845 1 
83272 -72851 1 
78861 -72335 1 
75509 -69389 1 
71981 -65234 1 
69491 -60504 1 
65940 -57041 1 
60886 -55503 1 
55900 -53800 1 
50882 -51712 1 
45834 -49819 1 
40789 -47887 1 
35645 -46489 1 
29921 -45005 1 
24300 -43277 1 
19168 -40521 1 
13921 -37566 1 
8511 -34440 1 
3226 -31236 1 
-2034 -28406 1 
-6519 -24612 1 
-10303 -20165 1 
-13669 -15449 1 
-14591 -10155 1 
-13501 -4678 1 
-10217 -536 1 
-5607 1375 1 
0 -1886 2 
500 -1886 2 
3685 -2120 0 
9630 -3301 0 
15582 -4540 0 
21702 -6040 0 
27676 -7893 0 
33809 -9853 0 
38991 -13195 0 
40949 -19226 0 
42561 -25427 0 
45186 -30822 0 
49831 -34352 0 
55890 -35930 0 
62041 -36948 0 
68059 -37929 0 
73445 -40731 0 
78175 -44012 0 
82849 -47465 0 
87650 -50906 0 
92587 -54494 0 
97202 -58006 0 
99428 -62415 0 
102252 -66681 0 
107156 -70018 0 
112151 -73392 0 
116925 -76688 0 
121747 -80024 0 
126508 -82874 0 
129890 -87093 0 
132571 -92110 0 
134853 -96906 0 
135244 -100609 0 
132006 -102557 0 
128095 -100886 0 
123269 -97118 0 
118414 -93319 0 
113937 -89381 0 
109452 -85452 0 
104707 -81788 0 
100305 -77953 0 
95805 -74300 0 
91266 -70911 0 
85861 -69859 0 
80321 -69751 0 
76407 -65423 0 
73367 -60548 0 
69962 -56026 0 
64807 -53660 0 
59249 -51732 0 
53685 -49529 0 
48036 -47381 0 
42431 -45367 0 
36799 -43743 0 
31136 -42054 0 
25366 -40021 0 
20018 -37325 0 
14630 -34591 0 
9225 -31519 0 
4043 -28399 0 
-1096 -25393 0 
-5394 -21513 0 
-8649 -16894 0 
-10815 -12093 0 
-10667 -6993 0 
-8066 -2710 0 
-3359 -1648 0 
